0,1,2,3,4,5,6,7
0.0,0.0,0.0,0.5560393261151046,0.0,0.0,0.4439606738848953,0.0
0.08003144036877023,0.0,0.0,0.3239770097478304,0.18480215998517185,0.0,0.41118938989822756,0.0
0.5813089814709848,0.0,0.0,0.0,0.0,0.0,0.4186910185290152,0.0
0.37294545868890644,0.0,0.0,0.30854370335541326,0.0,0.0,0.31851083795568036,0.0
0.0,0.0,0.0,0.0,0.0,0.0,0.0,1.0
0.0,0.0,0.0,0.0,0.0,0.0,0.0,1.0
0.0,0.0,0.0,0.0,0.0,0.0,0.0,1.0
0.0,0.0,0.0,0.0,0.0,0.0,0.0,1.0
0.0,0.0,0.0,0.0,0.0,0.0,0.0,1.0
0.0,0.0,0.9015859030359253,0.0,0.0,0.0,0.09841409696407473,0.0
0.0,0.0,0.0,0.0,1.0,0.0,0.0,0.0
0.0,0.0,0.0,0.0,0.0,0.0,0.3058632293549576,0.6941367706450424
0.0,0.0,0.0,0.0,0.0,0.07830153219333737,0.9216984678066626,0.0
0.0,0.0,0.0,0.0,0.0,0.0,1.0,0.0
0.0,0.0,0.0,0.0,0.0,0.0,1.0,0.0
0.0,0.0,0.0,0.0,0.0,0.0,0.6102635766965305,0.38973642330346947
0.0,0.0,0.0,0.0,0.0,0.0,0.13059044797666572,0.8694095520233344
0.0,0.47085286781959645,0.0,0.0,0.0,0.0,0.5291471321804037,0.0
0.0,0.4162232262034153,0.0,0.10115177454665025,0.0,0.0,0.11796917014705337,0.3646558291028811
0.0,0.0,0.0,0.0,0.0,0.32894194132211824,0.0,0.6710580586778817
0.0,0.09503884423660443,0.0,0.0,0.0,0.0,0.5496277383216016,0.355333417441794
0.0,0.42393185285589335,0.0,0.0,0.0,0.0,0.41180378394836814,0.16426436319573853
0.553197330709446,0.0,0.0,0.0,0.0,0.446802669290554,0.0,0.0
0.0,0.0,0.0,0.0,0.0,0.7625342316929625,0.23746576830703747,0.0
0.0,0.0,0.0,0.0,0.0,0.5498468966116077,0.45015310338839243,0.0
0.0,0.0,0.0,0.0,0.24826190994317843,0.35893442550534893,0.0,0.3928036645514726
0.0,0.0,0.0,0.0,0.0,1.0,0.0,0.0
0.0,0.0,0.0,0.0,0.4296479556409679,0.16179555027321285,0.0,0.4085564940858193
0.0,0.0,0.0,0.0,0.0,0.5839351041701029,0.0,0.41606489582989714
0.0,0.0,0.7157459708253109,0.0,0.020863834204390568,0.0,0.0,0.26339019497029853
0.6070029045446932,0.0,0.0,0.0,0.0,0.0,0.0,0.3929970954553069
0.0,0.0,0.27827199414580234,0.0,0.0,0.7217280058541976,0.0,0.0
0.0,0.0,0.755117817270879,0.0,0.0,0.244882182729121,0.0,0.0
0.0,0.0,1.0,0.0,0.0,0.0,0.0,0.0
0.0,0.0,0.0,0.789457051749575,0.0,0.21054294825042497,0.0,0.0
0.0,0.0,0.0,0.0,1.0,0.0,0.0,0.0
0.0,0.0,0.0,0.0,0.0,0.0,1.0,0.0
0.0,0.0,0.0,0.0,0.0,0.0,1.0,0.0
0.0,0.0,0.0,0.0,0.0,0.0,1.0,0.0
0.0,0.0,0.0,0.0,0.0,0.0,1.0,0.0
0.0,0.2600733804206726,0.0,0.0,0.0,0.0,0.7399266195793275,0.0
0.0,0.9603975278736203,0.0,0.0,0.0,0.0,0.039602472126379636,0.0
0.0,1.0,0.0,0.0,0.0,0.0,0.0,0.0
0.0,0.5020285264346599,0.0,0.0,0.0,0.0,0.49797147356534005,0.0
0.0,0.0,0.0,0.0,0.7496254600785823,0.0,0.2503745399214177,0.0
0.0,0.0,0.0,0.0,0.4218491915946952,0.14343708426936133,0.0,0.4347137241359435
1.0,0.0,0.0,0.0,0.0,0.0,0.0,0.0
0.0,0.0,0.0,0.0,0.24346698412855328,0.0,0.7565330158714467,0.0
0.0,0.0,0.30670075501378863,0.0,0.0,0.0,0.6932992449862114,0.0
0.0,0.0,0.3019421737738248,0.0,0.0,0.0,0.6980578262261752,0.0
0.0,0.0,0.18692239757801288,0.0,0.0,0.8130776024219871,0.0,0.0
0.0,0.0,0.0,0.0,0.0,0.8086873621797853,0.19131263782021468,0.0
0.0,0.0,0.0,0.0,0.0,1.0,0.0,0.0
0.0,0.0,0.0,0.0,0.5270359604277199,0.4729640395722801,0.0,0.0
0.0,0.0,0.0,0.0,0.0,1.0,0.0,0.0
0.0,0.0,0.0,0.0,0.0,0.0,1.0,0.0
0.0,0.0,0.0,0.0,0.0,0.0,1.0,0.0
0.0,0.0,0.0,0.0,0.0,0.0,1.0,0.0
0.0,0.0,1.0,0.0,0.0,0.0,0.0,0.0
0.0,0.0,0.3065112360438233,0.0,0.0,0.0,0.6934887639561768,0.0
0.0,0.0,0.7779546784875532,0.0,0.0,0.0,0.22204532151244685,0.0
0.0,0.0,0.9104316627921588,0.0,0.0,0.0,0.08956833720784116,0.0
0.0,0.0,0.1717210079226517,0.0,0.8282789920773482,0.0,0.0,0.0
0.0,0.0,1.0,0.0,0.0,0.0,0.0,0.0
0.0,0.0,0.0,0.0,0.0,1.0,0.0,0.0
0.0,0.0,0.0,0.0,0.0,1.0,0.0,0.0
0.0,0.0,0.0,0.0,1.0,0.0,0.0,0.0
0.0,0.0,0.0,0.0,0.0,0.0,0.0,1.0
0.8507224089147271,0.0,0.0,0.0,0.0,0.0,0.0,0.1492775910852729
0.0,0.0,0.0,0.0,0.0,0.0,0.0,1.0
0.0,0.0,1.0,0.0,0.0,0.0,0.0,0.0
0.0,0.0,0.0,0.0,0.0,0.0,0.0,1.0
0.0,0.0,0.0,0.0,1.0,0.0,0.0,0.0
0.0,0.0,0.0,0.0,0.0,0.0,1.0,0.0
1.0,0.0,0.0,0.0,0.0,0.0,0.0,0.0
0.0,0.0,1.0,0.0,0.0,0.0,0.0,0.0
0.7871294451156392,0.0,0.0,0.0,0.0,0.0,0.21287055488436077,0.0
0.0,0.0,0.4000331986146825,0.4105282126097192,0.0,0.0,0.18943858877559827,0.0
0.0,0.0,0.0,0.30976326619021943,0.0,0.0,0.6902367338097806,0.0
0.9762187333311894,0.0,0.0,0.0,0.0,0.0,0.023781266668810645,0.0
0.7657206913231781,0.0,0.0,0.1112150107475119,0.0,0.0,0.12306429792930995,0.0
0.0,0.0,0.0,0.0,0.7346342266740993,0.0030464269900702737,0.26231934633583043,0.0
0.0,0.0,0.0,0.0,1.0,0.0,0.0,0.0
0.19610094531200292,0.0,0.0,0.0,0.803899054687997,0.0,0.0,0.0
0.0,0.0,1.0,0.0,0.0,0.0,0.0,0.0
0.0,0.0,1.0,0.0,0.0,0.0,0.0,0.0
0.0,0.0,0.9238326039864871,0.0,0.0,0.0,0.0,0.0761673960135129
0.0,0.0,0.0,0.0,0.0,0.0,0.0,1.0
0.548624502606045,0.0,0.0,0.0,0.0,0.45137549739395505,0.0,0.0
0.0,0.0,1.0,0.0,0.0,0.0,0.0,0.0
0.0,0.0,0.09418849571743594,0.7551245740740549,0.0,0.0,0.0,0.15068693020850923
0.0,0.0,0.0,0.0,0.0,0.6046760338375466,0.0,0.3953239661624534
0.0,0.0,0.0,0.0,0.0,1.0,0.0,0.0
1.0,0.0,0.0,0.0,0.0,0.0,0.0,0.0
0.0,0.0,0.0,0.0,0.0,0.327933580919737,0.672066419080263,0.0
0.0,0.0,0.0,0.0,1.0,0.0,0.0,0.0
0.0,0.0,0.0,0.0,0.0,0.0,1.0,0.0
0.0,0.0,0.0,0.0,0.0,0.0,1.0,0.0
0.0,0.0,0.0,0.0,0.2181522227754412,0.0,0.7818477772245588,0.0
0.0,0.0,0.0,0.0,1.0,0.0,0.0,0.0
0.0,0.0,0.43516079470492663,0.0,0.0,0.0,0.5648392052950735,0.0
0.0,0.0,0.0,0.0,0.0,0.0,0.5721683465738006,0.42783165342619955
0.0,0.0,0.21685659379164723,0.0,0.0,0.0,0.04269200727395176,0.740451398934401
0.0,0.0,0.0,0.0,0.0,0.5211278157024131,0.0,0.4788721842975869
0.0,0.0,0.0,0.0,0.0,1.0,0.0,0.0
0.0,0.0,0.0,0.0,0.0,0.0,0.0,1.0
0.0,0.0,0.0,0.0,0.0,1.0,0.0,0.0
0.0,0.24868055157746177,0.0,0.0,0.0,0.7513194484225383,0.0,0.0
0.18770031194440825,0.8122996880555918,0.0,0.0,0.0,0.0,0.0,0.0
0.0,0.29489959215788875,0.0,0.7051004078421113,0.0,0.0,0.0,0.0
0.6188165054538591,0.0,0.0,0.3811834945461408,0.0,0.0,0.0,0.0
0.0,0.02777432236536736,0.0,0.4808765403244927,0.49134913731014,0.0,0.0,0.0
0.0,1.0,0.0,0.0,0.0,0.0,0.0,0.0
0.0,1.0,0.0,0.0,0.0,0.0,0.0,0.0
0.0,1.0,0.0,0.0,0.0,0.0,0.0,0.0
0.0,0.4284763660697851,0.0,0.0,0.5715236339302149,0.0,0.0,0.0
0.0,1.0,0.0,0.0,0.0,0.0,0.0,0.0
0.0,0.0,0.6396500959095014,0.0,0.0,0.0,0.0,0.3603499040904987
0.0,0.0,0.0,0.284274708605547,0.0,0.0,0.0,0.7157252913944531
0.8159015557603809,0.0,0.0,0.0,0.0,0.0,0.1840984442396191,0.0
0.0,0.0,0.0,0.0,0.0,0.0,0.3079265228467352,0.6920734771532648
0.0,0.0,0.0,1.0,0.0,0.0,0.0,0.0
0.8823013091433409,0.0,0.0,0.0,0.0,0.0,0.11769869085665913,0.0
0.7821170713434407,0.0,0.0,0.0,0.0,0.0,0.21788292865655928,0.0
0.0,0.986087573627889,0.0,0.0,0.0,0.0,0.013912426372111014,0.0
0.0,0.0,1.0,0.0,0.0,0.0,0.0,0.0
0.0,1.0,0.0,0.0,0.0,0.0,0.0,0.0
0.4836500507404158,0.5163499492595842,0.0,0.0,0.0,0.0,0.0,0.0
1.0,0.0,0.0,0.0,0.0,0.0,0.0,0.0
0.0,0.0,0.0,0.0,0.0,0.0,0.0,1.0
0.0,0.0,0.0,0.0,0.0,0.0,0.0,1.0
0.0,0.0,0.0,0.5946125410724826,0.0,0.4053874589275173,0.0,0.0
0.0,0.0,0.0,0.0,0.0,0.0,0.0,1.0
1.0,0.0,0.0,0.0,0.0,0.0,0.0,0.0
0.0,0.7454563668430207,0.0,0.0,0.0,0.0,0.25454363315697925,0.0
0.0,0.0,0.0,0.0,0.0,0.0,1.0,0.0
0.0,0.0,0.0,0.0,0.0,0.0,1.0,0.0
0.0,0.0,0.0,0.0,0.0,0.0,1.0,0.0
0.0,0.0,0.0,0.0,0.0,0.0,1.0,0.0
0.0,0.0,0.0,0.0,0.0,0.0,1.0,0.0
0.0,0.0,0.0,0.0,0.0,0.0,1.0,0.0
0.0,0.0,0.0,0.0,0.0,1.0,0.0,0.0
0.0,0.0,0.0,0.0,0.0,1.0,0.0,0.0
0.0,0.3654614743059444,0.0,0.0,0.0,0.0,0.6345385256940557,0.0
0.0,0.0,0.0,0.0,0.0,0.0,1.0,0.0
0.0,0.0,0.0,0.34829549618244293,0.0,0.0,0.6517045038175571,0.0
0.0,0.0,0.0,0.0,0.0,0.0,1.0,0.0
0.0,0.0,0.0,0.254597841700069,0.0,0.0,0.7454021582999311,0.0
0.3411132736190035,0.0,0.0,0.0,0.0,0.0,0.25598204668237934,0.4029046796986171
0.7297896926697709,0.0,0.0,0.0,0.06469583318134571,0.0,0.0,0.20551447414888338
0.960130161613445,0.0,0.0,0.0,0.0,0.0,0.0,0.03986983838655505
0.0,1.0,0.0,0.0,0.0,0.0,0.0,0.0
0.0,0.9485218603963865,0.0,0.0,0.0,0.0,0.0514781396036135,0.0
0.0,0.7338376394963331,0.0,0.0,0.0,0.0,0.26616236050366693,0.0
0.0,0.929549637908877,0.0,0.0,0.0,0.0,0.07045036209112304,0.0
0.0,0.0,1.0,0.0,0.0,0.0,0.0,0.0
0.3257101735040237,0.0,0.20022224063391814,0.0,0.08918669048110017,0.384880895380958,0.0,0.0
0.0,0.0,0.0,0.0,0.0,1.0,0.0,0.0
0.0,0.0,0.359905335433212,0.0,0.0,0.0,0.6400946645667881,0.0
0.0,0.0,0.0,0.0,0.0,0.0,1.0,0.0
0.0,0.0,1.0,0.0,0.0,0.0,0.0,0.0
0.0,0.0,1.0,0.0,0.0,0.0,0.0,0.0
0.0,0.0,0.0,0.0,0.631381296242776,0.05481833077423454,0.31380037298298946,0.0
0.0,0.0,1.0,0.0,0.0,0.0,0.0,0.0
0.0,0.0,1.0,0.0,0.0,0.0,0.0,0.0
0.0,1.0,0.0,0.0,0.0,0.0,0.0,0.0
0.0,0.6682632881191211,0.0,0.3317367118808789,0.0,0.0,0.0,0.0
0.0,0.0,0.0,1.0,0.0,0.0,0.0,0.0
0.5591826677748306,0.0,0.0,0.15430630017623537,0.28651103204893397,0.0,0.0,0.0
0.0,0.0,0.0,0.7395969700352375,0.0,0.0,0.26040302996476244,0.0
0.0,0.0,0.0,0.0950622105522946,0.0,0.0,0.0,0.9049377894477054
0.0,0.0,0.0,1.0,0.0,0.0,0.0,0.0
0.0,0.0,0.0,1.0,0.0,0.0,0.0,0.0
0.0,0.0,0.0,1.0,0.0,0.0,0.0,0.0
0.0,0.0,0.0,0.010890139737209781,0.27336917295546626,0.0,0.715740687307324,0.0
0.0,0.0,0.0,1.0,0.0,0.0,0.0,0.0
1.0,0.0,0.0,0.0,0.0,0.0,0.0,0.0
1.0,0.0,0.0,0.0,0.0,0.0,0.0,0.0
0.0,0.0,0.0,0.0,1.0,0.0,0.0,0.0
0.0,0.0,0.0,0.0,0.0,0.0,1.0,0.0
0.1010336516478802,0.0,0.0,0.0,0.0,0.0,0.8989663483521197,0.0
0.0,0.0,0.0,0.0,0.0,1.0,0.0,0.0
0.0,1.0,0.0,0.0,0.0,0.0,0.0,0.0
0.0,0.0,0.0,0.881244481189469,0.0,0.0,0.11875551881053098,0.0
0.0,0.0,0.0,0.592230037937983,0.0,0.0,0.407769962062017,0.0
0.0,0.0,0.0,0.0,0.0,0.0,1.0,0.0
0.0,0.0,0.0,0.0,0.0,0.0,1.0,0.0
0.0,0.247258020339801,0.0,0.0,0.0,0.0,0.0,0.7527419796601991
0.0,0.0,0.0,0.0,0.0,0.0,1.0,0.0
0.0,1.0,0.0,0.0,0.0,0.0,0.0,0.0
1.0,0.0,0.0,0.0,0.0,0.0,0.0,0.0
0.0,0.0,0.0,0.0,1.0,0.0,0.0,0.0
0.0,0.0,0.0,0.0,1.0,0.0,0.0,0.0
0.0,0.0,0.0,0.0,0.0,0.0,0.0,1.0
1.0,0.0,0.0,0.0,0.0,0.0,0.0,0.0
0.0,0.317193304968882,0.0,0.0,0.0,0.6828066950311181,0.0,0.0
0.25050752015761124,0.22572347012025232,0.0,0.5237690097221365,0.0,0.0,0.0,0.0
0.0,0.8895858962507572,0.0,0.1104141037492428,0.0,0.0,0.0,0.0
0.0,0.0,0.0,1.0,0.0,0.0,0.0,0.0
0.0,0.0,0.0,1.0,0.0,0.0,0.0,0.0
0.0,0.0,0.0,1.0,0.0,0.0,0.0,0.0
0.0,0.0,1.0,0.0,0.0,0.0,0.0,0.0
0.0,0.0,1.0,0.0,0.0,0.0,0.0,0.0
0.0,0.0,0.0,1.0,0.0,0.0,0.0,0.0
0.6392528253088372,0.0,0.0,0.0,0.0,0.0,0.36074717469116274,0.0
0.0,0.0,0.0,0.0,0.27692984494372297,0.0,0.0,0.723070155056277
0.0,0.0,0.0,0.0,0.8555030534878257,0.0,0.0,0.14449694651217432
0.0,0.0,0.0,0.0,0.0,0.0,0.0,1.0
0.0,0.0,0.0,0.0,0.0,1.0,0.0,0.0
0.19837617324572704,0.0,0.0,0.2906090315444989,0.0,0.0,0.511014795209774,0.0
0.17296174988114005,0.0,0.0,0.6767604821433829,0.150277767975477,0.0,0.0,0.0
0.0,0.0,0.0,1.0,0.0,0.0,0.0,0.0
0.0,0.0,0.0,0.0,0.11587036286171104,0.0,0.884129637138289,0.0
1.0,0.0,0.0,0.0,0.0,0.0,0.0,0.0
0.0,0.0,0.0,0.0,0.0,1.0,0.0,0.0
0.0,0.0,0.0,1.0,0.0,0.0,0.0,0.0
1.0,0.0,0.0,0.0,0.0,0.0,0.0,0.0
0.0,0.0,0.0,0.4473615993001622,0.0,0.0,0.0,0.5526384006998378
0.0,0.0,1.0,0.0,0.0,0.0,0.0,0.0
0.0,1.0,0.0,0.0,0.0,0.0,0.0,0.0
1.0,0.0,0.0,0.0,0.0,0.0,0.0,0.0
0.0,1.0,0.0,0.0,0.0,0.0,0.0,0.0
0.0,0.0,0.0,0.9562384979175578,0.0,0.0,0.043761502082442234,0.0
0.0,0.0,0.7966486798613447,0.0,0.0,0.0,0.2033513201386554,0.0
1.0,0.0,0.0,0.0,0.0,0.0,0.0,0.0
0.0,0.0,0.0,0.0,0.0,0.5241481218849726,0.47585187811502744,0.0
0.0,0.0,0.0,0.0,0.0,1.0,0.0,0.0
1.0,0.0,0.0,0.0,0.0,0.0,0.0,0.0
1.0,0.0,0.0,0.0,0.0,0.0,0.0,0.0
0.023371341799893933,0.0,0.0,0.0,0.976628658200106,0.0,0.0,0.0
0.0,0.0,0.0,1.0,0.0,0.0,0.0,0.0
0.0,0.0,0.0,1.0,0.0,0.0,0.0,0.0
0.0,0.0,0.0,1.0,0.0,0.0,0.0,0.0
0.0,0.0,0.0,1.0,0.0,0.0,0.0,0.0
0.0,0.0,0.0,1.0,0.0,0.0,0.0,0.0
0.0,0.0,0.0,1.0,0.0,0.0,0.0,0.0
1.0,0.0,0.0,0.0,0.0,0.0,0.0,0.0
0.0803470717976788,0.19423528342526117,0.0,0.26995810891657357,0.4554595358604865,0.0,0.0,0.0
1.0,0.0,0.0,0.0,0.0,0.0,0.0,0.0
0.0,0.0,0.0,0.0,0.0,0.0,1.0,0.0
0.0,0.0,0.0,0.0,0.0,0.0,0.23891938749628575,0.7610806125037143
0.0,0.0,0.0,0.9898900103578963,0.01010998964210377,0.0,0.0,0.0
0.0,0.47644765869938027,0.0,0.0,0.0,0.0,0.5235523413006197,0.0
0.0,0.0,0.0,0.0,0.0,0.0,0.0,1.0
0.0,0.0,0.0,0.0,1.0,0.0,0.0,0.0
0.0,0.9582512988989786,0.0,0.0,0.0,0.0,0.0,0.04174870110102131
0.8144136578132871,0.0,0.0,0.1855863421867129,0.0,0.0,0.0,0.0
0.0,0.0,0.0,0.0,1.0,0.0,0.0,0.0
0.0,0.0,1.0,0.0,0.0,0.0,0.0,0.0
1.0,0.0,0.0,0.0,0.0,0.0,0.0,0.0
0.0,0.0,0.0,0.0,0.0,0.0,0.0,1.0
1.0,0.0,0.0,0.0,0.0,0.0,0.0,0.0
1.0,0.0,0.0,0.0,0.0,0.0,0.0,0.0
0.0,1.0,0.0,0.0,0.0,0.0,0.0,0.0
0.0,1.0,0.0,0.0,0.0,0.0,0.0,0.0
0.0,0.9208829170653604,0.0,0.0,0.0,0.0,0.0,0.0791170829346396
0.0,0.0,1.0,0.0,0.0,0.0,0.0,0.0
0.0,0.0,0.0,0.7502421749702064,0.0,0.0,0.0,0.24975782502979357
0.0,0.0,0.24637025628720022,0.0,0.0,0.0,0.0,0.7536297437127999
0.0,0.0,0.5330599591443972,0.0,0.12507624920575375,0.0,0.1444445902621542,0.19741920138769486
0.0,0.0,0.0,0.0,0.0,0.6819470908639446,0.3180529091360554,0.0
1.0,0.0,0.0,0.0,0.0,0.0,0.0,0.0
0.0,0.0,0.0,0.0,0.0,1.0,0.0,0.0
0.0,0.0,0.0,0.0,0.0,0.0,0.0,1.0
0.0,0.0,0.6229727028461624,0.0,0.0,0.0,0.0,0.3770272971538376
1.0,0.0,0.0,0.0,0.0,0.0,0.0,0.0
0.0,0.0,1.0,0.0,0.0,0.0,0.0,0.0
0.0,0.0,0.0,0.0,0.0,0.0,0.0,1.0
0.0,0.0,1.0,0.0,0.0,0.0,0.0,0.0
0.0,0.0,0.0,0.0,0.0,1.0,0.0,0.0
0.0,0.0,0.512179800621998,0.0,0.0,0.0,0.487820199378002,0.0
0.0,0.0,0.0,0.0,0.0,0.042044325384063164,0.0,0.9579556746159369
0.0,0.0,0.0,0.0,1.0,0.0,0.0,0.0
0.0,0.986724182853491,0.0,0.0,0.0,0.013275817146509097,0.0,0.0
0.0,0.0,0.0,0.0,0.0,0.0,0.0,1.0
1.0,0.0,0.0,0.0,0.0,0.0,0.0,0.0
0.0,0.7451248055778921,0.0,0.254875194422108,0.0,0.0,0.0,0.0
0.0,0.0,0.0,0.0,0.0,0.0,1.0,0.0
0.0,0.0,0.0,0.0,1.0,0.0,0.0,0.0
0.0,0.0,0.0,0.0,0.0,0.0,1.0,0.0
0.0,0.0,0.0,0.0,0.0,1.0,0.0,0.0
1.0,0.0,0.0,0.0,0.0,0.0,0.0,0.0
1.0,0.0,0.0,0.0,0.0,0.0,0.0,0.0
1.0,0.0,0.0,0.0,0.0,0.0,0.0,0.0
0.0,0.0,0.0,0.0,0.0,1.0,0.0,0.0
0.0,0.0,0.0,0.0,0.0,1.0,0.0,0.0
0.0,0.0,0.0,0.0,0.0,1.0,0.0,0.0
0.0,0.0,0.0,0.0,0.0,1.0,0.0,0.0
0.0,0.0,0.0,0.0,0.0,0.0,0.035291135666923365,0.9647088643330767
0.0,0.0,0.0,0.0,0.0,0.0,1.0,0.0
